-116.3801182 43.6198308
-116.3758255 43.6253185
-116.3682489 43.6233025
-116.3588655 43.6585427
-116.3824919 43.6315908
-116.335671 43.6555041
-116.3652313 43.6440634
-116.341069 43.6536875
-116.3700353 43.6472121
-116.3910432 43.632779
-116.3324136 43.6347988
-116.37411 43.6422711
-116.3507446 43.659233
-116.3616628 43.6343923
-116.374006 43.6523857
-116.3683032 43.6359668
-116.3912926 43.6231401
-116.3551774 43.6480446
-116.3491452 43.6350333
-116.3400476 43.6482021
-116.3330768 43.6471811
-116.3638648 43.639606
-116.3476762 43.6345183
-116.3372428 43.62971
-116.3216936 43.6255419
-116.3164226 43.648274
-116.3312816 43.6472219
-116.3641911 43.6495791
-116.355161 43.6615084
-116.3596777 43.6412578
-116.3665959 43.6374326
-116.3297698 43.6539085
-116.3692387 43.6388035
-116.3462413 43.6520702
-116.3330204 43.6573339
-116.3225903 43.6218711
-116.3260873 43.6501064
-116.3825522 43.6413036
-116.3184899 43.6182853
-116.3251546 43.6509084
-116.3517359 43.6445243
-116.3771671 43.6283313
-116.3300863 43.6243986
-116.3305994 43.6298168
-116.3313294 43.6238882
-116.3853883 43.6240533
-116.3573591 43.6623347
-116.3364445 43.6394321
-116.3729504 43.6525917
